<<<<<<< HEAD
Algorithm FCFS
-- average CPU burst time: 903.431 ms
G: 376 32 137 88 600 14 
B: 11 12 281 376 32 137 14 144 336 139 206 1344 92 29 107 137 266 105 94 1068 24 44 302 341 385 337 902 2088 
H: 12 281 376 32 137 88 144 336 139 42 105 206 1344 6 137 266 105 94 44 302 341 240 222 385 337 902 2088 264 366 1345 852 178 762 823 220 762 207 126 394 795 35 138 923 336 288 1012 180 227 236 314 302 790 1339 1317 1029 148 489 197 74 5 108 104 44 161 30 575 75 47 689 395 319 63 803 1036 427 591 372 71 1252 2356 27 139 733 694 438 76 33 414 229 158 330 19 560 87 382 365 275 259 227 15 358 51 10 46 364 46 61 23 21 33 248 462 458 511 261 193 573 25 27 181 774 175 323 10 830 490 40 97 95 437 600 256 568 64 122 252 429 335 698 58 242 348 206 57 249 108 849 340 105 146 
D: 281 376 32 137 88 336 139 42 58 1344 92 29 107 462 94 1068 185 24 341 240 250 2088 99 264 95 8 762 419 257 762 11 146 126 359 536 403 795 35 138 1640 336 288 1012 662 227 236 314 790 1339 318 33 1029 148 489 403 5 108 781 44 161 30 75 434 133 1055 395 19 370 447 803 626 155 591 372 135 959 2356 27 321 148 139 139 694 438 414 552 879 367 330 1004 192 19 560 87 185 382 365 275 15 51 121 462 409 1842 10 336 475 155 51 23 71 252 248 258 174 17 511 261 1050 186 1088 573 25 90 200 267 490 40 56 97 437 600 63 80 135 294 111 853 293 589 231 108 301 849 643 298 739 646 296 113 368 28 55 129 882 703 820 570 121 21 37 302 320 255 69 1101 115 440 789 
A: 137 88 600 14 42 58 135 105 206 92 29 107 462 105 94 1068 185 240 250 358 222 902 2088 99 264 852 95 41 178 762 220 762 11 403 439 394 795 1640 339 923 336 662 25 180 314 601 318 33 990 1317 489 403 486 108 781 161 30 434 133 1055 689 395 63 98 19 370 1036 427 626 372 71 1252 135 27 102 148 139 139 438 497 112 1565 33 414 552 158 330 1004 190 359 185 696 157 462 22 409 1842 137 551 154 23 51 23 71 33 248 258 174 458 511 261 1050 200 853 1088 181 323 90 200 267 830 490 40 600 63 80 256 294 111 853 122 335 698 348 293 589 57 249 108 146 643 74 35 81 97 296 569 113 190 780 28 55 882 703 165 305 197 570 8 283 66 178 1517 41 20 649 69 403 73 489 249 124 1256 554 356 108 774 44 243 303 359 103 1724 198 820 129 116 643 330 1 241 402 373 484 111 35 
E: 32 137 88 600 14 139 42 58 135 462 6 137 185 24 44 302 341 358 222 385 337 902 366 1345 852 8 257 665 823 220 131 439 394 795 35 339 923 336 288 25 180 227 30 302 790 1339 33 990 1317 1029 403 486 197 781 217 214 30 131 575 133 1055 270 465 329 319 63 447 803 1036 71 1252 135 959 102 222 733 694 438 1565 76 33 367 229 158 330 111 192 19 560 359 185 382 157 259 227 15 2 1842 10 46 154 336 475 155 23 71 252 258 174 17 1050 186 853 1088 573 25 58 58 774 267 10 830 490 95 437 600 63 568 135 294 111 190 429 335 698 93 58 242 348 231 206 340 105 146 643 109 195 646 296 404 190 780 17 368 1432 129 104 121 37 302 255 1101 178 1517 440 20 649 185 789 403 73 1256 383 150 127 615 216 215 872 851 269 820 166 16 330 356 402 3 484 511 505 158 347 562 
C: 119 11 12 281 600 14 144 58 135 105 206 29 107 462 6 266 105 94 1068 302 341 240 250 337 902 2088 1345 852 15 41 178 762 665 823 220 762 146 131 359 536 403 439 35 138 1640 339 288 1012 662 25 601 30 302 790 990 1317 1029 148 486 197 74 5 217 214 104 44 131 575 75 1055 270 47 689 329 319 63 370 447 803 155 591 372 71 959 2356 27 139 139 733 112 1565 76 879 367 229 158 977 560 87 190 275 696 227 15 121 462 46 364 155 61 23 71 252 21 33 17 462 458 186 193 28 200 853 1088 25 27 181 58 774 175 323 200 267 10 56 97 95 80 256 568 111 853 195 107 698 153 93 242 348 293 589 301 849 340 105 298 739 97 195 646 169 569 113 780 439 55 12 1432 165 104 197 570 121 302 67 320 739 69 1101 41 115 440 991 185 73 259 124 632 554 82 356 481 253 774 216 243 198 872 1724 233 269 1212 166 643 199 1 134 275 152 149 23 213 505 581 861 
F: 88 600 14 144 135 105 206 107 462 6 1068 185 24 44 250 358 222 385 99 264 366 1345 419 257 665 823 11 146 131 536 403 439 394 138 1640 339 923 1012 662 25 180 236 314 601 1339 318 33 990 148 489 403 486 74 5 108 781 214 104 44 270 47 689 395 98 19 370 447 427 626 1252 135 959 2356 222 321 148 139 497 112 1565 552 879 367 229 1004 977 87 190 359 185 365 275 373 2 22 409 1842 364 137 282 551 154 475 155 61 252 21 33 248 174 17 462 261 1050 186 102 28 200 853 27 181 175 323 90 200 40 56 97 63 80 256 568 853 64 122 107 252 153 93 589 231 249 108 301 849 105 146 643 739 109 81 97 195 22 439 17 12 1432 129 703 165 284 305 66 739 69 1517 41 649 991 185 249 383 632 442 44 615 303 461 198 103 198 851 129 199 134 356 353 241 152 373 111 149 244 397 213 312 511 290 
-- average wait time: 5.37e+04 ms
=======
>>>>>>> e34f3dab6853b319b01dc2285e41a2ec9846f4b6
